=====================================================================================
Student no. | (A): theta_1 (deg)  theta_2 (deg) | (B): theta_1 (deg)  theta_2 (deg)   
=====================================================================================
  43034404  |       40.0           82.0         |       12.5           64.0 
-------------------------------------------------------------------------------------
  43536935  |       30.0           73.0         |       32.5           50.0 
-------------------------------------------------------------------------------------
  43948958  |       32.5           81.5         |       15.0           72.0 
-------------------------------------------------------------------------------------
  45285321  |       40.0           58.0         |       20.0           80.0 
-------------------------------------------------------------------------------------
  45325030  |       37.5           78.0         |       20.0           76.0 
-------------------------------------------------------------------------------------
  45805608  |       32.5           77.5         |       15.0           60.0 
-------------------------------------------------------------------------------------
  45808775  |       22.5           68.0         |       30.0           50.0 
-------------------------------------------------------------------------------------
  45814310  |       35.0           78.0         |       17.5           84.0 
-------------------------------------------------------------------------------------
  46191308  |       25.0           80.0         |       40.0           62.0 
-------------------------------------------------------------------------------------
  46272551  |       40.0           50.0         |       10.0           60.0 
-------------------------------------------------------------------------------------
  46410214  |       35.0           58.0         |       22.5           64.0 
-------------------------------------------------------------------------------------
  46418229  |       15.0           76.0         |       37.5           70.0 
-------------------------------------------------------------------------------------
  46419262  |       35.0           70.0         |       12.5           60.0 
-------------------------------------------------------------------------------------
  46456164  |       30.0           54.0         |       10.0           68.0 
-------------------------------------------------------------------------------------
  46470067  |       10.0           72.0         |       40.0           70.0 
-------------------------------------------------------------------------------------
  46479118  |       30.0           80.0         |       27.5           70.5 
-------------------------------------------------------------------------------------
  46825452  |       22.5           72.0         |       35.0           62.0 
-------------------------------------------------------------------------------------
  46878971  |       25.0           64.0         |       30.0           84.0 
-------------------------------------------------------------------------------------
  46965581  |       35.0           82.0         |       30.0           65.0 
-------------------------------------------------------------------------------------
  46986634  |       40.0           66.0         |       25.0           72.0 
-------------------------------------------------------------------------------------
  46987547  |       37.5           66.0         |       17.5           64.0 
-------------------------------------------------------------------------------------
  46992653  |       17.5           68.0         |       37.5           50.0 
-------------------------------------------------------------------------------------
  47038165  |       37.5           54.0         |       25.0           60.0 
-------------------------------------------------------------------------------------
  47452332  |       15.0           64.0         |       32.5           54.0 
-------------------------------------------------------------------------------------
  48075327  |       37.5           74.0         |       17.5           72.0 
-------------------------------------------------------------------------------------
  48488301  |       32.5           85.5         |       22.5           76.0 
-------------------------------------------------------------------------------------
  48618948  |       12.5           72.0         |       40.0           78.0 
-------------------------------------------------------------------------------------
  48972677  |       27.5           66.5         |       35.0           74.0 
-------------------------------------------------------------------------------------
  49108987  |       10.0           84.0         |       37.5           62.0 
-------------------------------------------------------------------------------------
